{
 "cells": [
  {
   "cell_type": "code",
   "execution_count": 1,
   "metadata": {},
   "outputs": [
    {
     "name": "stdout",
     "output_type": "stream",
     "text": [
      "Sample Tests passed 👍\n"
     ]
    }
   ],
   "source": [
    "import numpy as np\n",
    "def inv(arr):\n",
    "    \"\"\"\n",
    "    Given an array arr (square matrix), find its inverse\n",
    "    \"\"\"\n",
    "    \n",
    "    if(arr.shape[0]==arr.shape[1]):\n",
    "        i=np.eye(arr.shape[0])\n",
    "        return np.linalg.inv(arr)\n",
    "assert np.all(np.isclose(inv(np.array([[6, 1, 1], [4, -2, 5], [2, 8, 7]])).tolist(), np.array([[0.17647058823529413, -0.0032679738562091526, -0.02287581699346405],[0.05882352941176469, -0.130718954248366, 0.0849673202614379],[-0.1176470588235294, 0.1503267973856209, 0.0522875816993464]])))\n",
    "\n",
    "print(\"Sample Tests passed\", '\\U0001F44D')"
   ]
  },
  {
   "cell_type": "code",
   "execution_count": 2,
   "metadata": {},
   "outputs": [
    {
     "name": "stdout",
     "output_type": "stream",
     "text": [
      "[[ 0.17647059 -0.00326797 -0.02287582]\n",
      " [ 0.05882353 -0.13071895  0.08496732]\n",
      " [-0.11764706  0.1503268   0.05228758]]\n"
     ]
    }
   ],
   "source": [
    "print(inv(np.array([[6, 1, 1], [4, -2, 5], [2, 8, 7]])))"
   ]
  },
  {
   "cell_type": "code",
   "execution_count": null,
   "metadata": {},
   "outputs": [],
   "source": []
  }
 ],
 "metadata": {
  "kernelspec": {
   "display_name": "Python 3",
   "language": "python",
   "name": "python3"
  },
  "language_info": {
   "codemirror_mode": {
    "name": "ipython",
    "version": 3
   },
   "file_extension": ".py",
   "mimetype": "text/x-python",
   "name": "python",
   "nbconvert_exporter": "python",
   "pygments_lexer": "ipython3",
   "version": "3.7.3"
  }
 },
 "nbformat": 4,
 "nbformat_minor": 2
}
